4094.338008	1698.865436	-45.285474	-863.340062	1109.070636	-63.399662	4812.349064	1375.119388	-63.399663	331.242609	-169.886539	235.484462	-2389.113566	-644.286708	-72.456757	-831.260121	-945.594909	389.455070	-1230.876081	153.859508	-54.342568	690.222231	-342.978486	-20.378462	-2307.892667	-596.205610	-81.513852	-1709.554459	-1887.984414	-20.378464	-576.973172	-480.810972	135.856420	3692.628272	1538.595112	-54.342568	-1077.016559	884.692184	-108.685136	4508.921188	1311.011258	-76.985305	-1038.551710	-865.459750	-27.171284	-2585.703195	-657.108334	-140.384967	-923.157063	115.394632	-54.342568	651.757353	-323.746048	-24.907010	-1769.384381	-442.346098	-81.513852	-1671.089581	-1753.357344	-43.021200	-807.762442	-673.135362	-27.171284	3231.049740	1346.270724	-54.342568	-1230.876073	653.902920	-108.685136	4000.347298	1173.178778	-81.513852	-2615.611689	-653.902928	-163.027704	-615.438045	76.929756	-54.342568	576.973170	-288.486578	-27.171284	-1538.595128	-1538.595112	-54.342568	-1230.876095	-288.486586	-81.513852	-576.973174	-480.810974	-27.171284	2769.471206	1153.946335	-54.342568	3461.839010	1019.319267	-81.513852	-1384.735587	423.113654	-108.685136	-2615.611690	-653.902926	-163.027704	500.043414	-250.021702	-27.171284	-307.719025	38.464879	-54.342568	
1698.865436	4094.338008	-45.285474	429.524476	2534.390794	-76.985304	2054.665548	1414.618179	-49.814021	169.886539	-1367.622834	507.197302	-1022.524664	-497.923764	-133.592146	-753.270525	-1792.882069	525.311490	-153.859508	307.719024	-27.171284	342.978486	-2739.562719	13.585643	-942.389502	-576.973174	-54.342568	-1541.800522	-3440.473966	-47.549748	-480.810972	-576.973172	135.856420	1538.595112	3692.628272	-54.342568	269.254152	2000.173652	-81.513852	1926.449290	1431.730951	-104.156589	-865.459750	-1038.551710	-27.171284	-1073.811166	-502.189002	-160.763430	-115.394632	230.789268	-27.171284	323.746048	-2585.703207	-31.699831	-711.600238	-423.113662	-54.342568	-1484.103204	-3017.360310	-70.192484	-673.135362	-807.762442	-27.171284	1346.270724	3231.049740	-54.342568	115.394640	1461.665364	-81.513852	1711.687058	1307.805839	-108.685136	-1077.016572	-500.043427	-163.027704	-76.929756	153.859512	-27.171284	288.486578	-2307.892677	-54.342568	-1346.270724	-2500.217079	-81.513852	-480.810974	-269.254150	-54.342568	-480.810974	-576.973174	-27.171284	1153.946335	2769.471206	-54.342568	1480.897793	1153.946331	-108.685136	-38.464872	923.157074	-81.513852	-1077.016572	-500.043422	-163.027704	250.021702	-2000.173655	-54.342568	-38.464879	76.929756	-27.171284	
-45.285474	-45.285474	1871.836472	-27.171286	-58.871116	397.409946	-72.456757	-40.756927	1435.901188	149.442050	353.226704	-256.372072	-18.114189	-92.835222	-615.498483	267.184274	357.755234	-596.175371	-36.228380	-18.114188	-205.146016	-24.907010	31.699831	-442.376321	-54.342568	-36.228376	-641.081288	-2.264272	-20.378464	-1137.934392	90.570940	90.570940	-256.432512	-36.228380	-36.228380	1641.168104	-72.456760	-54.342568	205.146008	-58.871115	-76.985307	1346.210256	-18.114188	-18.114188	-461.578522	-86.042399	-110.949410	-673.165575	-36.228380	-18.114188	-153.859512	-20.378462	-13.585643	-416.733069	-54.342568	-36.228376	-487.221780	-24.907008	-43.021200	-1035.361386	-18.114188	-18.114188	-359.005518	-36.228380	-36.228380	1436.022092	-72.456760	-54.342568	51.286500	-54.342568	-72.456760	1179.589570	-108.685136	-108.685136	-692.367790	-36.228380	-18.114188	-102.573008	-18.114188	-36.228380	-384.648780	-36.228376	-54.342568	-897.513798	-54.342568	-36.228376	-333.362272	-18.114188	-18.114188	-256.432514	-36.228380	-36.228380	1230.876079	-54.342568	-72.456760	1025.730062	-72.456760	-54.342568	-102.573009	-108.685136	-108.685136	-692.367789	-18.114188	-36.228380	-333.362276	-36.228380	-18.114188	-51.286504	
-863.340062	429.524476	-27.171286	3419.031186	-961.621944	90.570948	-2619.902832	1971.324998	-63.399663	-884.666292	775.708370	-153.970608	2470.230856	-788.529998	135.856420	-553.423683	208.351419	-153.970610	675.255038	-621.848860	45.285474	-1748.019337	1561.032960	-24.907008	303.427878	-1298.189632	90.570947	-965.913104	288.486578	45.285472	-254.286949	-272.459553	-18.114190	-615.438027	461.578540	18.114188	2923.330732	-923.157068	90.570948	-2277.984173	1830.287112	4.528547	-555.608115	-580.178578	33.964104	2401.883390	-942.389510	135.856420	461.578541	-461.578536	0.000000	-1632.624703	1464.870766	-2.264272	106.838249	-1003.292234	22.642737	-812.053592	96.162190	45.285472	-517.143237	-522.481260	11.321368	-307.719009	500.043416	18.114188	2307.892686	-884.692192	90.570948	-1769.384379	1673.222194	27.171284	1923.243896	-1096.249022	135.856420	307.719027	-307.719024	0.000000	-1423.200494	1288.573410	9.057096	-730.832690	-96.162198	45.285472	76.929755	-692.367804	-0.000000	-384.648784	-384.648780	-0.000000	0.000011	538.508293	18.114188	-1230.876092	1519.362681	27.171284	1692.454638	-846.227315	90.570948	1384.735607	-1250.108535	135.856420	-1192.411226	1096.249022	9.057096	153.859513	-153.859512	0.000000	
1109.070636	2534.390794	-58.871116	-961.621944	6496.221396	-135.856420	2965.000986	-728.713030	-24.907010	923.157064	-1621.909787	489.083112	-1134.713890	867.527580	-153.970610	16.027035	-2989.532621	996.280414	-916.746252	2149.742014	-76.985304	1868.751976	-3286.614456	43.021200	-1907.216852	271.373800	-133.592146	-96.162190	-5902.239108	18.114190	-464.783937	-1215.908897	389.455070	1077.016572	2461.752184	-63.399664	-1000.086820	5615.872168	-153.970608	2785.498224	-579.118758	-52.078294	-926.362470	-2286.527622	-47.549748	-1365.503154	1055.612636	-262.655746	-692.367800	1615.524872	-81.513852	1772.589782	-3171.219822	20.378464	-1496.924826	267.108562	-160.763430	-288.486578	-5363.730816	-72.456758	-791.735400	-1863.413966	-70.192484	1038.551696	2384.822428	-63.399664	-1038.551696	4615.785348	-153.970608	2557.914366	-423.113673	-54.342568	-1596.292418	961.621924	-271.712840	-461.578536	1077.016584	-81.513852	1596.292426	-2961.795613	9.057096	-480.810966	-4577.320488	-117.742232	-1038.551704	269.254137	-163.027704	-576.973168	-1346.270735	-81.513852	1000.086819	2307.892672	-63.399664	2327.125101	-269.254160	-54.342568	-1077.016573	3615.698524	-153.970608	-1827.081683	807.762421	-271.712840	1403.968038	-2731.006345	9.057096	-230.789270	538.508294	-81.513852	
-63.399662	-76.985304	397.409946	90.570948	-135.856420	2307.650848	-117.742231	-20.378462	-718.071489	-117.742224	348.698138	-596.114923	135.856420	-117.742230	845.985508	-95.099486	701.924842	-852.486995	45.285474	-58.871116	653.842466	-43.021200	70.192484	-1112.291140	90.570947	-92.835222	153.799061	45.285472	72.456758	-1500.190664	-4.528546	267.184294	-339.742859	-18.114188	-72.456756	410.292020	90.570948	-117.742232	1897.600616	-49.814021	-38.492650	-621.879073	33.964104	-20.378464	-625.069368	135.856420	-190.198990	820.463152	0.000000	-54.342568	461.578528	-20.378464	47.549748	-1061.004638	22.642737	-110.949410	96.131969	45.285472	-18.114190	-1346.331156	11.321368	-43.021200	-522.496362	-18.114188	-72.456756	461.578524	90.570948	-117.742232	1538.595096	-27.171284	-36.228376	-487.221780	135.856420	-181.141896	641.081288	0.000000	-54.342568	307.719020	-9.057096	36.228380	-974.443554	45.285472	-63.399664	-1179.589574	0.000000	-108.685136	76.929754	0.000000	-54.342568	-384.648774	-18.114188	-72.456756	512.865028	-27.171284	-36.228376	-333.362271	90.570948	-117.742232	1179.589574	135.856420	-181.141896	487.221781	-9.057096	36.228380	-871.870550	0.000000	-54.342568	153.859511	
4812.349064	2054.665548	-72.456757	-2619.902832	2965.000986	-117.742231	9799.909744	96.162194	-135.856420	2372.052613	-1028.935475	720.039026	-5107.324164	134.627070	-190.198988	-1102.633923	-1644.373517	1181.950854	-2154.033157	923.157064	-81.513852	4850.813942	-2073.897986	-63.399663	-4577.320458	115.394632	-163.027704	-2466.043322	-3176.557812	-72.456757	-1346.270722	-576.973164	407.569260	4308.066320	1846.314128	-81.513852	-2692.541443	2538.681928	-163.027704	8883.241211	112.189226	-160.763430	-2423.287301	-1038.551696	-81.513852	-5363.717827	214.762232	-314.734040	-1615.524871	692.367800	-81.513852	4547.386066	-1945.681728	-76.985305	-3500.303886	115.394632	-163.027704	-2662.632951	-2766.265786	-140.384967	-1884.779015	-807.762432	-81.513852	3769.558032	1615.524864	-81.513852	-2692.541445	2077.103400	-163.027704	7808.370208	115.394632	-163.027704	-5385.082890	230.789264	-326.055408	-1077.016585	461.578536	-81.513852	4038.812176	-1730.919496	-81.513852	-2692.541445	-2307.892664	-163.027704	-2423.287314	115.394632	-163.027704	-1346.270729	-576.973168	-81.513852	3231.049742	1384.735598	-81.513852	6731.353630	115.394634	-163.027704	-2692.541446	1615.524868	-163.027704	-5385.082893	230.789268	-326.055408	3500.303888	-1500.130232	-81.513852	-538.508296	230.789270	-81.513852	
1375.119388	1414.618179	-40.756927	1971.324998	-728.713030	-20.378462	96.162194	2940.339844	-45.285474	-669.929959	577.024976	63.399664	57.697318	-1389.052690	-22.642736	-1112.276055	-365.390443	31.699830	615.438048	-615.438052	0.000000	-1355.886950	1260.758669	31.699833	76.929756	-1307.805860	0.000000	-2144.416948	-767.177908	15.849914	-384.648780	-384.648782	-0.000000	1230.876096	1230.876083	0.000000	1692.454632	-769.297573	0.000000	80.135162	2568.590414	-22.642737	-692.367804	-692.367808	-0.000000	137.832480	-1517.230087	-11.321368	461.578536	-461.578540	0.000000	-1291.778820	1277.871441	-4.528547	76.929756	-1000.086836	0.000000	-1849.519550	-771.443146	-2.264274	-538.508292	-538.508296	-0.000000	1077.016584	1077.016573	0.000000	1384.735608	-769.297571	0.000000	76.929756	2230.962902	0.000000	153.859512	-1538.595142	0.000000	307.719024	-307.719028	0.000000	-1153.946340	1153.946329	0.000000	-1538.595120	-769.297571	-0.000000	76.929756	-692.367812	0.000000	-384.648780	-384.648784	-0.000000	923.157072	923.157063	0.000000	76.929756	1923.243882	0.000000	1077.016584	-769.297568	0.000000	153.859512	-1538.595137	0.000000	-1000.086828	1000.086819	0.000000	153.859512	-153.859515	0.000000	
-63.399663	-49.814021	1435.901188	-63.399663	-24.907010	-718.071489	-135.856420	-45.285474	2961.493308	457.383280	72.456758	577.154501	-81.513852	-22.642736	-1378.475886	810.609972	36.228378	-365.325662	-54.342568	-0.000000	-615.438036	-72.456757	58.871115	1410.257936	-108.685136	-0.000000	-1307.805826	-18.114189	29.435558	-692.428237	271.712840	0.000000	-384.648772	-54.342568	0.000000	1230.876072	-108.685136	-0.000000	-769.297544	-110.949410	-22.642737	2557.884113	-54.342568	0.000000	-692.367790	-206.048904	-11.321368	-1522.583168	-54.342568	-0.000000	-461.578528	-58.871115	4.528547	1320.567004	-108.685136	-0.000000	-1000.086810	-86.042399	2.264274	-750.095329	-54.342568	0.000000	-538.508282	-54.342568	0.000000	1077.016564	-108.685136	-0.000000	-769.297544	-108.685136	0.000000	2230.962882	-217.370272	-0.000000	-1538.595088	-54.342568	-0.000000	-307.719020	-54.342568	0.000000	1153.946318	-108.685136	0.000000	-769.297544	-108.685136	-0.000000	-692.367794	-54.342568	0.000000	-384.648774	-54.342568	0.000000	923.157055	-108.685136	0.000000	1923.243865	-108.685136	-0.000000	-769.297544	-217.370272	-0.000000	-1538.595088	-54.342568	0.000000	1000.086810	-54.342568	-0.000000	-153.859511	
331.242609	169.886539	149.442050	-884.666292	923.157064	-117.742224	2372.052613	-669.929959	457.383280	1709.204704	-641.081300	452.854740	-1423.122758	442.346096	-353.226692	-85.822916	-448.756910	316.998310	-446.611339	368.621745	-86.042394	2136.972198	-897.513814	316.998326	-1102.633925	342.978495	-267.184292	-461.526710	-596.205600	-235.484468	-470.212634	-64.108130	45.285470	292.777731	150.654101	131.327862	-807.736536	807.762432	-117.742224	2102.798469	-593.000203	403.040712	-675.255024	-83.340566	-190.198994	-1423.122759	442.346096	-353.226692	-331.216705	272.459551	-67.928206	1906.182932	-801.351620	280.769946	-833.379782	266.048739	-212.841724	-538.456467	-480.810968	-235.484468	-521.395515	-64.108128	-153.970614	254.312853	131.421663	113.213674	-730.806780	692.367800	-117.742224	1833.544325	-516.070447	348.698144	-1423.122760	442.346096	-353.226692	-215.822071	176.297357	-49.814018	1675.393666	-705.189426	244.541566	-615.386224	-365.416336	-235.484468	-564.125639	189.118983	-158.499156	-367.536006	-44.875690	-117.742234	215.847975	112.189225	95.099486	1564.290180	-439.140691	294.355576	-653.877023	576.973168	-117.742224	-1423.122760	442.346096	-353.226692	1444.604400	-609.027232	208.313186	-100.427436	80.135163	-31.699830	
-169.886539	-1367.622834	353.226704	775.708370	-1621.909787	348.698138	-1028.935475	577.024976	72.456758	-641.081300	1709.204704	-452.854740	615.438042	-557.663019	108.685136	-192.324390	1196.339672	-452.854730	368.621745	-446.611339	86.042394	-897.513814	2136.972198	-316.998326	490.427189	-365.390437	36.228378	-237.200084	1333.500912	-294.355570	64.108130	170.868660	-113.213680	-150.654101	-1213.763323	316.998324	698.778614	-1352.655642	294.355570	-913.540843	500.095221	72.456758	83.340566	158.150658	-67.928204	615.438042	-557.663018	108.685136	272.459551	-331.216705	67.928206	-801.351620	1906.182932	-280.769946	375.032557	-288.460681	36.228378	-160.270328	1064.246768	-240.013002	64.108128	119.685780	-49.814016	-131.421663	-1059.903812	280.769944	621.848858	-1083.401497	240.013002	-798.146211	423.165466	72.456758	615.438042	-557.663017	108.685136	176.297357	-215.822071	49.814018	-705.189426	1675.393666	-244.541566	-83.340572	794.992624	-185.670434	259.637925	-211.530925	36.228378	44.875690	81.220902	-31.699828	-112.189225	-906.044299	244.541564	-682.751579	346.235710	72.456758	544.919102	-814.147349	185.670434	615.438042	-557.663017	108.685136	-609.027232	1444.604400	-208.313186	80.135163	-100.427436	31.699830	
235.484462	507.197302	-256.372072	-153.970608	489.083112	-596.114923	720.039026	63.399664	577.154501	452.854740	-452.854740	1280.953620	-461.911828	95.099494	-557.468705	135.856430	-452.854730	768.088586	-117.742230	117.742230	-211.526599	498.140206	-498.140206	897.634702	-366.812334	31.699830	-365.325662	-307.941220	-475.497470	115.575972	-45.285470	-113.213680	63.805888	208.313178	452.854734	-230.728820	-153.970608	407.569260	-519.185169	638.525174	63.399664	500.224747	-262.655746	-113.213684	-140.977438	-461.911828	95.099494	-557.468705	-90.570946	90.570946	-160.240097	443.797638	-443.797638	795.061696	-285.298482	31.699830	-288.395908	-307.941220	-393.983618	38.646218	-208.313178	-86.042400	-115.334186	181.141894	398.512166	-205.085568	-153.970608	326.055408	-442.255415	557.011322	63.399664	423.294993	-461.911828	95.099494	-557.468705	-63.399662	63.399662	-108.953595	389.455070	-389.455070	692.488690	-307.941220	-312.469766	-38.283536	-203.784630	31.699830	-211.466154	-153.970610	-58.871116	-89.690934	153.970610	344.169598	-179.442315	475.497470	63.399664	346.365239	-153.970608	244.541556	-365.325659	-461.911828	95.099494	-557.468704	335.112502	-335.112502	589.915684	-36.228378	36.228378	-57.667092	
-2389.113566	-1022.524664	-18.114189	2470.230856	-1134.713890	135.856420	-5107.324164	57.697318	-81.513852	-1423.122758	615.438042	-461.911828	5060.095676	-192.324388	271.712840	948.929855	663.519139	-448.326186	72.638612	-35.259470	45.285473	-2696.832588	1195.616614	-63.399663	277.758724	-96.162194	135.856420	2316.371344	1173.178766	135.856420	243.636799	86.545975	-40.756926	-1923.243889	-826.994870	27.171284	2000.173654	-903.924626	135.856420	-4286.701251	-22.437844	43.021200	226.498122	54.491908	90.570947	4303.775182	-192.324388	271.712840	0.000001	0.000000	0.000000	-2354.913929	1016.113852	4.528547	21.365061	-16.027032	11.321368	2248.023878	942.389502	135.856420	29.908493	3.205406	22.642737	-1384.735603	-596.205606	27.171284	1461.665364	-673.135362	135.856420	-3231.049738	-38.464876	54.342568	3231.049748	-192.324388	271.712840	-0.000001	0.000000	0.000000	-1846.314135	788.529994	27.171284	1769.384384	711.600238	135.856420	-0.000002	0.000000	0.000000	-0.000001	0.000000	0.000000	-846.227314	-365.416340	27.171284	-2154.033163	-38.464878	54.342568	923.157073	-442.346096	135.856420	2154.033167	-192.324390	271.712840	-1307.805849	557.740730	27.171284	-0.000002	0.000000	0.000000	
-644.286708	-497.923764	-92.835222	-788.529998	867.527580	-117.742230	134.627070	-1389.052690	-22.642736	442.346096	-557.663019	95.099494	-192.324388	1726.472864	-90.570948	426.319065	19.361957	158.499158	-28.848658	40.584534	-20.378462	855.843534	-997.967174	88.306674	-96.162194	149.542438	-22.642736	750.065122	329.019292	99.628042	41.670285	19.258339	31.699830	-519.275854	-384.648797	-72.456760	-634.670486	653.902900	-36.228376	54.491908	-1209.511067	-11.321368	9.616220	2.119656	15.849914	-192.324388	1290.693028	-45.285474	0.000000	-0.000009	0.000000	714.805648	-848.372902	70.192486	-16.027032	21.365041	-11.321368	596.205610	517.104348	27.171282	-3.205406	-2.145582	-2.264274	-365.416342	-230.789285	-72.456760	-480.810974	500.043392	-36.228376	38.464876	-923.157102	0.000000	-192.324388	923.157028	-0.000000	0.000000	-0.000007	0.000000	557.740730	-692.367817	72.456760	442.346098	423.113636	36.228376	0.000000	-0.000014	0.000000	0.000000	-0.000007	-0.000000	-211.556830	-76.929772	-72.456760	38.464876	-615.438077	0.000000	-326.951462	346.183885	-36.228376	-192.324388	615.438013	-0.000000	403.881218	-538.508305	72.456760	0.000000	-0.000004	0.000000	
-72.456757	-133.592146	-615.498483	135.856420	-153.970610	845.985508	-190.198988	-22.642736	-1378.475886	-353.226692	108.685136	-557.468705	271.712840	-90.570948	1768.779876	-276.241388	181.141894	19.685796	45.285473	-24.907010	51.226055	-117.742231	138.120694	-795.001243	135.856420	-22.642736	160.119202	135.856420	172.084798	692.126000	-4.528548	36.228378	19.323110	-27.171284	-108.685136	-512.865030	135.856420	-54.342568	589.794784	-65.663936	-11.321368	-1214.864152	90.570947	29.435558	76.869307	271.712840	-45.285474	1269.280502	0.000000	-0.000000	0.000000	-49.814021	110.949410	-698.808827	11.321368	-11.321368	16.011920	135.856420	63.399662	666.603644	22.642737	2.264274	19.202215	-27.171284	-108.685136	-359.005522	135.856420	-54.342568	435.935276	-54.342568	-0.000000	-923.157056	271.712840	0.000000	923.157056	0.000000	-0.000000	-0.000000	-27.171284	108.685136	-564.151534	135.856420	54.342568	487.221780	0.000000	-0.000000	-0.000000	0.000000	0.000000	0.000000	-27.171284	-108.685136	-205.146013	-54.342568	-0.000000	-615.438039	135.856420	-54.342568	282.075767	271.712840	0.000000	615.438039	-27.171284	108.685136	-410.292026	0.000000	-0.000000	-0.000000	
-831.260121	-753.270525	267.184274	-553.423683	16.027035	-95.099486	-1102.633923	-1112.276055	810.609972	-85.822916	-192.324390	135.856430	948.929855	426.319065	-276.241388	1623.381788	320.540650	-226.427370	-307.693120	294.897398	-144.913504	-290.606240	-301.308214	552.482794	-76.852036	628.259674	-452.854732	1675.445488	467.989346	-172.084806	384.389718	256.432520	-181.141900	-715.865487	-657.108331	249.070086	-514.958805	112.189229	-113.213674	-833.379780	-1035.346299	756.267404	307.770840	333.362276	-326.055420	679.675710	503.248821	-330.583956	-230.763364	217.967642	-108.685128	-136.746731	-320.540652	516.254414	-76.852037	474.400162	-344.169596	1367.726465	448.756908	-208.313186	230.841083	256.432520	-253.598660	-600.470853	-560.946137	230.955898	-476.493927	208.351423	-131.327862	-564.125637	-958.416543	701.924836	410.421565	580.178577	-384.926524	-153.833608	141.037886	-72.456752	17.112778	-339.773090	480.026034	1060.007442	429.524470	-244.541566	-76.852038	320.540650	-235.484460	153.911326	179.502764	-181.141900	-485.076218	-464.783943	212.841710	-294.871492	-881.486787	647.582268	-438.029048	304.513617	-149.442050	141.167420	657.108333	-439.269092	170.972287	-359.005528	443.797654	-76.903851	64.108130	-36.228376	
-945.594909	-1792.882069	357.755234	208.351419	-2989.532621	701.924842	-1644.373517	-365.390443	36.228378	-448.756910	1196.339672	-452.854730	663.519139	19.361957	181.141894	320.540650	2905.544376	-905.709470	442.346092	-1044.936615	258.127198	-660.313730	1504.421382	-339.641044	942.389500	-173.014237	108.685136	493.632598	3470.473110	-611.353896	384.648780	1025.471012	-339.641050	-849.432715	-1677.487435	339.641046	304.513613	-2566.418965	611.353894	-1528.978885	-288.460687	36.228378	500.043408	1141.176522	-203.784630	778.913771	-57.567797	181.141894	326.951460	-775.682470	203.784630	-641.081292	1465.956504	-321.526856	711.600236	-173.014236	108.685136	512.865036	2970.429700	-520.782948	384.648776	871.922378	-149.442062	-753.270521	-1562.092801	321.526858	400.675807	-2143.305309	520.782946	-1413.584253	-211.530931	36.228378	894.308403	-134.497551	181.141894	211.556828	-506.428325	149.442062	-621.848854	1427.491626	-303.412668	532.097474	2470.386290	-430.212000	480.810972	-173.014235	108.685136	269.254144	602.668234	-95.099494	-657.108327	-1446.698166	303.412670	-1298.189621	-134.601175	36.228378	496.838001	-1720.191648	430.211998	1009.703035	-211.427307	181.141894	-602.616416	1389.026748	-285.298480	96.162196	-237.174177	95.099494	
389.455070	525.311490	-596.175371	-153.970610	996.280414	-852.486995	1181.950854	31.699830	-365.325662	316.998310	-452.854730	768.088586	-448.326186	158.499158	19.685796	-226.427370	-905.709470	2049.042206	-217.370272	353.226692	-339.682411	806.081426	-520.782944	243.671334	-679.282100	95.099494	-172.819933	-280.769934	-973.637676	1013.210674	-271.712840	-339.641050	704.282698	362.283786	498.140206	-544.888869	-181.141894	860.423994	-749.913989	1100.437002	31.699830	-288.395908	-489.083112	-339.641050	243.792232	-529.840038	158.499158	-57.243958	-163.027704	271.712840	-262.752657	751.738858	-493.611660	269.314586	-516.254396	95.099494	-172.819933	-335.112502	-837.781256	833.707914	-380.397976	-258.127198	166.862478	335.112502	470.968922	-493.602367	-208.313178	724.567574	-647.340983	1018.923150	31.699830	-211.466154	-611.353890	158.499158	-134.173712	-108.685136	190.198988	-185.822903	697.396290	-466.440376	294.957838	-389.455070	-701.924836	654.205154	-353.226692	95.099494	-172.819933	-271.712840	-176.613346	89.932724	307.941218	443.797638	-442.315864	937.409298	31.699830	-134.536399	-235.484462	588.711154	-544.767974	-692.867742	158.499158	-211.103465	643.053722	-439.269092	320.601090	-54.342568	108.685136	-108.893147	
-1230.876081	-153.859508	-36.228380	675.255038	-916.746252	45.285474	-2154.033157	615.438048	-54.342568	-446.611339	368.621745	-117.742230	72.638612	-28.848658	45.285473	-307.693120	442.346092	-217.370272	1786.445340	-737.243492	45.285474	-923.157076	769.297556	-18.114188	2119.807616	-605.821828	63.399663	-594.072993	907.130032	11.321368	138.918219	73.724347	-99.628042	-1230.876081	-153.859508	-36.228380	923.157073	-884.692188	90.570948	-2154.033157	615.438048	-54.342568	305.573451	150.654102	20.378462	414.557271	-169.886544	113.213683	1384.735604	-576.973168	54.342568	-923.157076	769.297556	-18.114188	1816.379740	-541.713698	76.985305	-478.678359	810.967838	33.964104	267.108573	131.421664	24.907010	-1230.876081	-153.859508	-36.228380	1230.876091	-846.227312	90.570948	-2154.033157	615.438048	-54.342568	923.157065	-326.951462	135.856420	923.157072	-384.648780	54.342568	-923.157076	769.297556	-18.114188	-269.254150	634.670482	45.285472	1307.805850	-403.881218	81.513852	192.324390	96.162194	27.171284	-1230.876081	-153.859508	-36.228380	-2154.033157	615.438048	-54.342568	1538.595111	-807.762435	90.570948	1461.665352	-480.810975	135.856420	-923.157076	769.297556	-18.114188	461.578538	-192.324391	54.342568	
153.859508	307.719024	-18.114188	-621.848860	2149.742014	-58.871116	923.157064	-615.438052	-0.000000	368.621745	-446.611339	117.742230	-35.259470	40.584534	-24.907010	294.897398	-1044.936615	353.226692	-737.243492	1786.445340	-45.285474	769.297556	-923.157076	18.114188	-900.719220	645.320627	-49.814021	599.411016	-2132.668112	43.021200	-73.724347	-598.325276	235.484462	153.859508	307.719024	-18.114188	-653.902924	2077.103404	-63.399664	923.157064	-615.438052	-0.000000	-150.654102	-1200.967603	13.585643	-214.762232	190.178806	-52.078294	-576.973168	1384.735604	-54.342568	769.297556	-923.157076	18.114188	-772.502962	662.433399	-104.156589	503.248822	-2017.273478	20.378464	-131.421664	-1047.108091	-31.699831	153.859508	307.719024	-18.114188	-692.367800	2000.173648	-63.399664	923.157064	-615.438052	-0.000000	-442.346090	346.183891	-54.342568	-384.648780	923.157072	-54.342568	769.297556	-923.157076	18.114188	326.951466	-1807.849269	9.057096	-557.740730	538.508287	-108.685136	-96.162194	-769.297561	-54.342568	153.859508	307.719024	-18.114188	923.157064	-615.438052	-0.000000	-730.832677	1923.243892	-63.399664	-673.135355	500.043404	-54.342568	769.297556	-923.157076	18.114188	-192.324391	461.578538	-54.342568	
-54.342568	-27.171284	-205.146016	45.285474	-76.985304	653.842466	-81.513852	0.000000	-615.438036	-86.042394	86.042394	-211.526599	45.285473	-20.378462	51.226055	-144.913504	258.127198	-339.682411	45.285474	-45.285474	846.106408	-27.171284	27.171284	-410.292020	72.456757	-40.756927	666.603644	11.321368	70.192484	-599.426116	-58.871110	172.084804	-128.155812	-54.342568	-27.171284	-205.146016	90.570948	-72.456756	666.724540	-81.513852	0.000000	-615.438036	24.907010	31.699831	-185.943801	113.213683	-38.492650	147.418471	36.228380	-36.228380	615.438040	-27.171284	27.171284	-410.292020	58.871115	-76.985307	576.912712	33.964104	47.549748	-548.139614	20.378462	-13.585643	-160.300549	-54.342568	-27.171284	-205.146016	90.570948	-72.456756	718.011044	-81.513852	0.000000	-615.438036	135.856420	-36.228376	282.075764	36.228380	-36.228380	410.292028	-27.171284	27.171284	-410.292020	45.285472	36.228380	-461.578530	54.342568	-72.456760	410.292026	18.114188	-36.228380	-128.216260	-54.342568	-27.171284	-205.146016	-81.513852	0.000000	-615.438036	90.570948	-72.456756	769.297548	135.856420	-36.228376	435.935273	-27.171284	27.171284	-410.292020	36.228380	-36.228380	205.146015	
690.222231	342.978486	-24.907010	-1748.019337	1868.751976	-43.021200	4850.813942	-1355.886950	-72.456757	2136.972198	-897.513814	498.140206	-2696.832588	855.843534	-117.742231	-290.606240	-660.313730	806.081426	-923.157076	769.297556	-27.171284	4325.127274	-1795.027630	-45.285474	-2269.427791	711.600242	-81.513852	-786.410306	-1224.465268	-63.399662	-769.297550	-96.162192	271.712840	615.438048	307.719016	-27.171284	-1615.524884	1653.989744	-54.342568	4346.531198	-1211.643658	-81.513852	-1384.735591	-173.091946	-54.342568	-2769.471199	884.692192	-163.027704	-692.367808	576.973168	-27.171284	3923.417538	-1634.757306	-54.342568	-1730.919505	557.740730	-81.513852	-1000.086803	-1000.086816	-108.685136	-1077.016573	-134.627070	-54.342568	538.508292	269.254140	-27.171284	-1461.665372	1423.200480	-54.342568	3808.022910	-1057.784146	-81.513852	-2769.471201	884.692192	-163.027704	-461.578540	384.648780	-27.171284	3461.839006	-1442.432918	-54.342568	-1153.946317	-769.297552	-108.685136	-1192.411219	403.881218	-81.513852	-769.297555	-96.162194	-54.342568	461.578536	230.789263	-27.171284	3269.514620	-903.924633	-81.513852	-1307.805859	1192.411214	-54.342568	-2769.471203	884.692194	-163.027704	3000.260474	-1250.108530	-54.342568	-230.789271	192.324391	-27.171284	
-342.978486	-2739.562719	31.699831	1561.032960	-3286.614456	70.192484	-2073.897986	1260.758669	58.871115	-897.513814	2136.972198	-498.140206	1195.616614	-997.967174	138.120694	-301.308214	1504.421382	-520.782944	769.297556	-923.157076	27.171284	-1795.027630	4325.127274	45.285474	1019.319258	-730.832686	54.342568	-506.454232	2803.644938	76.985304	96.162192	192.324390	-135.856420	-307.719016	-2461.752189	54.342568	1423.200480	-2769.471225	81.513852	-1865.546566	1077.016573	108.685136	173.091946	346.183902	27.171284	1230.876084	-1038.551717	163.027704	576.973168	-692.367808	27.171284	-1634.757306	3923.417538	54.342568	788.529994	-576.973174	54.342568	-346.183908	2269.427796	81.513852	134.627070	269.254146	27.171284	-269.254140	-2154.033167	54.342568	1269.340968	-2230.962935	81.513852	-1634.757302	923.157063	108.685136	1230.876084	-1038.551715	163.027704	384.648780	-461.578540	27.171284	-1442.432918	3461.839006	54.342568	-192.324396	1730.919508	81.513852	557.740730	-423.113662	54.342568	96.162194	192.324390	27.171284	-230.789263	-1846.314143	54.342568	-1403.968037	769.297551	108.685136	1115.481456	-1692.454642	81.513852	1230.876084	-1038.551715	163.027704	-1250.108530	3000.260474	54.342568	192.324391	-230.789271	27.171284	
-20.378462	13.585643	-442.376321	-24.907008	43.021200	-1112.291140	-63.399663	31.699833	1410.257936	316.998326	-316.998326	897.634702	-63.399663	88.306674	-795.001243	552.482794	-339.641044	243.671334	-18.114188	18.114188	-410.292020	-45.285474	45.285474	1974.409478	-54.342568	36.228376	-666.724538	-27.171286	58.871116	474.339700	181.141900	-90.570940	-128.216260	-18.114188	36.228380	-410.292032	-36.228376	54.342568	-974.443552	-54.342568	72.456760	1205.232820	-36.228380	18.114188	-230.789268	-108.685136	108.685136	-846.227298	-18.114188	18.114188	-307.719016	-36.228380	36.228380	1743.741110	-54.342568	36.228376	-512.865030	-72.456760	54.342568	282.075762	-36.228380	18.114188	-179.502764	-18.114188	36.228380	-359.005528	-36.228376	54.342568	-820.584044	-54.342568	72.456760	1051.373312	-108.685136	108.685136	-846.227298	-18.114188	18.114188	-205.146012	-36.228380	36.228380	1538.595098	-72.456760	54.342568	128.216254	-54.342568	36.228376	-359.005522	-36.228380	18.114188	-128.216260	-18.114188	36.228380	-307.719024	-54.342568	72.456760	897.513803	-36.228376	54.342568	-666.724535	-108.685136	108.685136	-846.227299	-36.228380	36.228380	1333.449086	-18.114188	18.114188	-102.573007	
-2307.892667	-942.389502	-54.342568	303.427878	-1907.216852	90.570947	-4577.320458	76.929756	-108.685136	-1102.633925	490.427189	-366.812334	277.758724	-96.162194	135.856420	-76.852036	942.389500	-679.282100	2119.807616	-900.719220	72.456757	-2269.427791	1019.319258	-54.342568	4414.826848	-96.162194	135.856420	-4.291144	1926.449290	45.285473	1025.781889	451.962311	-312.469766	-2307.892667	-942.389502	-54.342568	769.297555	-1711.687058	135.856420	-4577.320458	76.929756	-108.685136	2158.272494	919.951658	63.399663	1098.381637	-176.297356	260.391472	1615.524872	-692.367800	81.513852	-2269.427791	1019.319258	-54.342568	3498.158315	-112.189226	160.763430	337.627515	1746.946528	113.213683	1854.844618	791.735400	76.985305	-2307.892667	-942.389502	-54.342568	1307.805841	-1480.897794	135.856420	-4577.320458	76.929756	-108.685136	2154.033150	-192.324388	271.712840	1077.016584	-461.578536	81.513852	-2269.427791	1019.319258	-54.342568	846.227309	1519.362670	135.856420	2423.287312	-115.394632	163.027704	1346.270728	576.973168	81.513852	-2307.892667	-942.389502	-54.342568	-4577.320458	76.929756	-108.685136	1846.314130	-1250.108528	135.856420	3231.049725	-192.324390	271.712840	-2269.427791	1019.319258	-54.342568	538.508294	-230.789270	81.513852	
-596.205610	-576.973174	-36.228376	-1298.189632	271.373800	-92.835222	115.394632	-1307.805860	-0.000000	342.978495	-365.390437	31.699830	-96.162194	149.542438	-22.642736	628.259674	-173.014237	95.099494	-605.821828	645.320627	-40.756927	711.600242	-730.832686	36.228376	-96.162194	1401.744740	-45.285474	1278.957194	-228.669610	88.306674	285.281179	192.376200	63.399664	-596.205610	-576.973174	-36.228376	-1173.178778	384.648767	-72.456760	115.394632	-1307.805860	-0.000000	586.589390	491.461117	31.699833	-176.297356	329.084061	-11.321368	-461.578536	461.578531	0.000000	711.600242	-730.832686	36.228376	-80.135162	1029.995310	-22.642737	1137.919308	-79.075338	70.192486	522.481260	508.573889	-4.528547	-596.205610	-576.973174	-36.228376	-1019.319266	538.508279	-72.456760	115.394632	-1307.805860	-0.000000	-192.324388	615.438026	0.000000	-307.719024	307.719021	0.000000	711.600242	-730.832686	36.228376	980.854390	76.929747	72.456760	-76.929756	692.367798	0.000000	384.648780	384.648777	0.000000	-596.205610	-576.973174	-36.228376	115.394632	-1307.805860	-0.000000	-865.459754	692.367792	-72.456760	-192.324388	923.157051	0.000000	711.600242	-730.832686	36.228376	-153.859512	153.859511	0.000000	
-81.513852	-54.342568	-641.081288	90.570947	-133.592146	153.799061	-163.027704	0.000000	-1307.805826	-267.184292	36.228378	-365.325662	135.856420	-22.642736	160.119202	-452.854732	108.685136	-172.819933	63.399663	-49.814021	666.603644	-81.513852	54.342568	-666.724538	135.856420	-45.285474	1422.898220	45.285473	138.120694	-25.703699	-185.670440	72.456758	192.505729	-81.513852	-54.342568	-641.081288	135.856420	-108.685136	256.432514	-163.027704	0.000000	-1307.805826	72.456757	58.871115	640.960392	260.391472	-11.321368	323.730936	54.342568	0.000000	461.578528	-81.513852	54.342568	-666.724538	110.949410	-22.642737	1019.289025	113.213683	110.949410	70.488717	58.871115	4.528547	551.269460	-81.513852	-54.342568	-641.081288	135.856420	-108.685136	410.292022	-163.027704	0.000000	-1307.805826	271.712840	-0.000000	615.438032	54.342568	0.000000	307.719020	-81.513852	54.342568	-666.724538	135.856420	108.685136	205.146010	108.685136	0.000000	692.367794	54.342568	0.000000	384.648774	-81.513852	-54.342568	-641.081288	-163.027704	0.000000	-1307.805826	135.856420	-108.685136	564.151531	271.712840	-0.000000	923.157049	-81.513852	54.342568	-666.724538	54.342568	0.000000	153.859511	
-1709.554459	-1541.800522	-2.264272	-965.913104	-96.162190	45.285472	-2466.043322	-2144.416948	-18.114189	-461.526710	-237.200084	-307.941220	2316.371344	750.065122	135.856420	1675.445488	493.632598	-280.769934	-594.072993	599.411016	11.321368	-786.410306	-506.454232	-27.171286	-4.291144	1278.957194	45.285473	3572.890698	961.621944	90.570948	478.691310	397.470406	-9.057094	-1500.130250	-1365.503166	9.057096	-884.692202	96.162198	45.285472	-2000.173645	-2019.406094	27.171284	752.184794	698.778616	45.285474	1846.314142	903.924634	135.856420	-461.578540	461.578536	-0.000000	-538.508271	-538.508296	18.114188	-76.929755	1000.086828	-0.000000	3077.190244	923.157068	90.570948	538.508297	538.508292	0.000000	-1269.340982	-1173.178778	9.057096	-807.762446	288.486586	45.285472	-1461.665359	-1865.546582	27.171284	1307.805852	1057.784146	135.856420	-307.719028	307.719024	-0.000000	-230.789253	-576.973172	18.114188	2461.752198	884.692192	90.570948	-76.929757	692.367804	-0.000000	384.648783	384.648780	0.000000	-1038.551713	-980.854389	9.057096	-923.157071	-1711.687071	27.171284	-730.832689	480.810975	45.285472	769.297560	1211.643657	135.856420	76.929765	-615.438048	18.114188	-153.859515	153.859512	-0.000000	
-1887.984414	-3440.473966	-20.378464	288.486578	-5902.239108	72.456758	-3176.557812	-767.177908	29.435558	-596.205600	1333.500912	-475.497470	1173.178766	329.019292	172.084798	467.989346	3470.473110	-973.637676	907.130032	-2132.668112	70.192484	-1224.465268	2803.644938	58.871116	1926.449290	-228.669610	138.120694	961.621944	7034.729684	135.856420	564.151538	1312.096992	-384.926524	-1711.687058	-3231.049757	-9.057096	480.810966	-5115.828780	117.742232	-2981.028018	-653.902941	54.342568	1032.140884	2418.996158	76.985304	1403.968030	115.394612	271.712840	692.367800	-1615.524881	81.513852	-1192.411204	2731.006328	63.399664	1500.130232	-269.254153	163.027704	1000.086820	6154.380456	153.970608	807.762432	1884.779016	81.513852	-1519.362670	-3000.260489	-9.057096	673.135354	-4269.601468	117.742232	-2750.238754	-500.043429	54.342568	1634.757294	-38.464896	271.712840	461.578536	-1077.016591	81.513852	-1153.946328	2654.076572	63.399664	1038.551696	5154.293636	153.970608	1038.551704	-269.254151	163.027704	576.973168	1346.270728	81.513852	-1327.038281	-2769.471220	-9.057096	-2519.449489	-346.183917	54.342568	865.459743	-3423.374151	117.742232	1865.546559	-192.324408	271.712840	-1115.481452	2577.146816	63.399664	230.789270	-538.508298	81.513852	
-20.378464	-47.549748	-1137.934392	45.285472	18.114190	-1500.190664	-72.456757	15.849914	-692.428237	-235.484468	-294.355570	115.575972	135.856420	99.628042	692.126000	-172.084806	-611.353896	1013.210674	11.321368	43.021200	-599.426116	-63.399662	76.985304	474.339700	45.285473	88.306674	-25.703699	90.570948	135.856420	2461.510356	9.057094	-249.070104	371.887594	-9.057096	-36.228380	-1051.373308	45.285472	63.399664	-1333.449082	-27.171284	36.228376	-589.794784	45.285474	58.871116	730.772220	135.856420	181.141896	435.935276	0.000000	54.342568	-461.578528	-18.114188	72.456756	487.221774	0.000000	108.685136	-76.929754	90.570948	117.742232	2051.460124	0.000000	54.342568	538.508282	-9.057096	-36.228380	-948.800304	45.285472	63.399664	-1128.303070	-27.171284	36.228376	-435.935276	135.856420	181.141896	282.075768	0.000000	54.342568	-307.719020	-18.114188	72.456756	538.508278	90.570948	117.742232	1692.454604	0.000000	108.685136	-76.929754	0.000000	54.342568	384.648774	-9.057096	-36.228380	-846.227299	-27.171284	36.228376	-282.075768	45.285472	63.399664	-923.157057	135.856420	181.141896	128.216258	-18.114188	72.456756	589.794782	0.000000	54.342568	-153.859511	
-576.973172	-480.810972	90.570940	-254.286949	-464.783937	-4.528546	-1346.270722	-384.648780	271.712840	-470.212634	64.108130	-45.285470	243.636799	41.670285	-4.528548	384.389718	384.648780	-271.712840	138.918219	-73.724347	-58.871110	-769.297550	96.162192	181.141900	1025.781889	285.281179	-185.670440	478.691310	564.151538	9.057094	854.602352	320.540650	-226.427370	-576.973172	-480.810972	90.570940	-138.892315	-368.621743	-22.642734	-1346.270722	-384.648780	271.712840	983.025864	416.702842	-135.856426	512.890942	118.600041	-58.871116	100.453341	-54.491909	-40.756922	-769.297550	96.162192	181.141900	756.527745	208.351423	-131.327872	632.550819	544.919100	-27.171286	752.236598	320.540648	-99.628046	-576.973172	-480.810972	90.570940	-23.497681	-272.459549	-40.756922	-1346.270722	-384.648780	271.712840	782.145085	195.529797	-113.213684	61.988463	-35.259471	-22.642734	-769.297550	96.162192	181.141900	786.410328	525.686662	-63.399666	487.273601	131.421667	-76.985304	521.447332	224.378454	-63.399666	-576.973172	-480.810972	90.570940	-1346.270722	-384.648780	271.712840	91.896954	-176.297355	-58.871110	1051.399230	272.459553	-167.556252	-769.297550	96.162192	181.141900	23.523585	-16.027033	-4.528546	
-480.810972	-576.973172	90.570940	-272.459553	-1215.908897	267.184294	-576.973164	-384.648782	0.000000	-64.108130	170.868660	-113.213680	86.545975	19.258339	36.228378	256.432520	1025.471012	-339.641050	73.724347	-598.325276	172.084804	-96.162192	192.324390	-90.570940	451.962311	192.376200	72.456758	397.470406	1312.096992	-249.070104	320.540650	854.602352	-226.427370	-480.810972	-576.973172	90.570940	-176.297359	-1100.514263	249.070106	-576.973164	-384.648782	0.000000	416.702842	983.025864	-135.856426	201.940607	96.188095	36.228378	54.491909	-444.465765	135.856424	-96.162192	192.324390	-90.570940	336.567679	115.446445	72.456758	416.702844	1273.632114	-230.955916	320.540648	752.236598	-99.628046	-480.810972	-576.973172	90.570940	-80.135165	-985.119629	230.955918	-576.973164	-384.648782	0.000000	317.335239	173.117851	36.228378	35.259471	-290.606254	99.628044	-96.162192	192.324390	-90.570940	435.935282	1235.167236	-212.841728	221.173047	38.516690	72.456758	224.378454	521.447332	-63.399666	-480.810972	-576.973172	90.570940	-576.973164	-384.648782	0.000000	16.027029	-869.724994	212.841730	432.729871	250.047607	36.228378	-96.162192	192.324390	-90.570940	16.027033	-136.746741	63.399664	
